Start: 2018-11-29 16:07:55, VM has 1. Each N cycle time T= 5 seconds.
  CO  N   idle
 21   1  89.68
 32   2  89.67
 42   3  89.67
 55   4  89.66
 61   5  89.66
 91   6  89.65
112   7  89.65
117   8  89.65
125   9  89.64
140  10  89.64
147  11  89.64
144  12  89.63
155  13  89.63
161  14  89.63
161  15  89.62
167  16  89.62
180  17  89.61
161  18  89.61
163  19  89.60
185  20  89.60
170  21  89.59
168  22  89.59
188  23  89.58
171  24  89.58
171  25  89.58
188  26  89.57
167  27  89.57
170  28  89.56
185  29  89.56
159  30  89.55
162  31  89.55
178  32  89.54
163  33  89.54
159  34  89.53
176  35  89.53
161  36  89.52
161  37  89.52
174  38  89.51
161  39  89.51
162  40  89.50
176  41  89.49
160  42  89.49
159  43  89.48
178  44  89.48
162  45  89.48
160  46  89.47
167  47  89.47
155  48  89.46
153  49  89.46
172  50  89.46
155  51  89.45
155  52  89.45
176  53  89.44
156  54  89.44
150  55  89.43
173  56  89.43
155  57  89.42
150  58  89.42
173  59  89.41
155  60  89.41
152  61  89.41
173  62  89.40
154  63  89.40
154  64  89.39
 80  65  89.39
 65  66  89.38
135  67  89.38
176  68  89.37
176  69  89.37
173  70  89.36
172  71  89.36
167  72  89.35
166  73  89.35
166  74  89.35
163  75  89.34
169  76  89.34
176  77  89.33
161  78  89.33
158  79  89.32
163  80  89.32
161  81  89.32
161  82  89.31
160  83  89.31
162  84  89.30
170  85  89.30
168  86  89.30
162  87  89.29
167  88  89.29
165  89  89.28
157  90  89.28
159  91  89.27
157  92  89.27
162  93  89.26
167  94  89.26
161  95  89.25
159  96  89.25
163  97  89.24
163  98  89.24
163  99  89.24
151 100  89.23
160 101  89.23
157 102  89.22
155 103  89.22
161 104  89.21
159 105  89.21
154 106  89.20
151 107  89.20
159 108  89.19
154 109  89.19
155 110  89.19
154 111  89.18
151 112  89.18
144 113  89.17
138 114  89.17
145 115  89.17
143 116  89.16
147 117  89.16
149 118  89.15
140 119  89.15
140 120  89.14
143 121  89.14
149 122  89.13
148 123  89.13
144 124  89.12
148 125  89.12
147 126  89.11
141 127  89.11
141 128  89.10
139 129  89.10
133 130  89.09
137 131  89.09
137 132  89.08
140 133  89.08
143 134  89.07
145 135  89.07
140 136  89.06
137 137  89.06
149 138  89.05
137 139  89.05
141 140  89.04
144 141  89.04
138 142  89.03
141 143  89.03
144 144  89.02
142 145  89.02
141 146  89.01
142 147  89.01
137 148  89.01
140 149  89.00
143 150  89.00
137 151  88.99
143 152  88.99
134 153  88.98
136 154  88.98
142 155  88.98
142 156  88.97
134 157  88.97
141 158  88.96
143 159  88.96
134 160  88.96
132 161  88.95
130 162  88.95
130 163  88.94
129 164  88.94
130 165  88.94
135 166  88.93
129 167  88.93
128 168  88.92
135 169  88.92
133 170  88.91
131 171  88.91
124 172  88.91
121 173  88.90
 45 174  88.90
103 175  88.89
 86 176  88.89
100 177  88.88
111 178  88.88
 83 179  88.87
 96 180  88.87
115 181  88.86
 80 182  88.86
 87 183  88.86
115 184  88.85
102 185  88.85
 97 186  88.84
111 187  88.84
 98 188  88.83
 79 189  88.83
102 190  88.82
 84 191  88.82
 95 192  88.81
111 193  88.81
 78 194  88.81
 80 195  88.80
102 196  88.80
 95 197  88.79
 83 198  88.79
116 199  88.78
 84 200  88.78
Finished: 2018-11-29 16:24:57
