Start: 2018-11-29 16:27:50, VM has 1. Each N cycle time T= 5 seconds.
  CO  N   idle
 23   1  88.78
 38   2  88.78
 61   3  88.78
 70   4  88.78
 84   5  88.78
 96   6  88.78
106   7  88.78
119   8  88.77
131   9  88.77
113  10  88.77
149  11  88.76
150  12  88.76
145  13  88.76
163  14  88.75
176  15  88.75
161  16  88.74
132  17  88.74
188  18  88.74
169  19  88.73
163  20  88.73
179  21  88.72
169  22  88.72
165  23  88.72
178  24  88.71
169  25  88.71
168  26  88.70
178  27  88.70
172  28  88.70
165  29  88.69
177  30  88.69
161  31  88.68
159  32  88.68
184  33  88.67
164  34  88.67
160  35  88.67
184  36  88.66
163  37  88.66
157  38  88.65
178  39  88.65
155  40  88.65
158  41  88.64
176  42  88.64
163  43  88.63
170  44  88.63
177  45  88.63
156  46  88.62
153  47  88.62
172  48  88.61
158  49  88.61
154  50  88.61
Finished: 2018-11-29 16:32:04
